523890815291097129
262123358970183690
170657105269882881
155069945535791104
228194413346553856
138037772110921728
318163049150152715
195598321501470720
202296131064037377
185263368410628098
111184029646147584
87279950075293696
230117963339005954
226501209148620802
268108606027726849
253850450720325634
104985894368374784
242416580808540160
402926411347918858
310317481111584778
251006302946328577
275184316353347584
305215258258046978
339845807144435722
462771052825804824
223042740479459338
211954977407631360
294423110604685312
365191819266621440
126793940128104448
186527603945897984
277616586175545345
734738834113167412
328243460861853696
351584483159441418
154910407952302080
164670357356150784
218794484115177472
243839830348398602
151683595684151296
366612431180660739
228965239972954112
148388286241570816
87591511021076480
217682834024824832
122062931666927616
381924227974037505
335118921088630796
267379225332416512
363709793468416001
138687950144798720
312867342231142400
364437067062837259
333227276634161153
260181087777587201
266584483484925973
305071977004269571
351441618454315009
162590768547102720
115170432461570056
284845299116277762
204276467373309954
136798890946068480
282528227157737473
246000506974109696
194173080392695808
412914140341075971
200549635067084800
167633520062234625
183293672165605378
241729367749820417
186905218313748481
277488965798330379
201298137896321024
115138761297362946
354313226357440532
386362885926027276
133617364213170176
125722240896598016
166179904310870016
209060104354529291
284761061922439168
470470104467898378
206856157879468032
239837403747975178
233617138953224193
322447940587356162
206613423121891329
232169632667009025
126793940128104448
110794474984062976
226501209148620802
259416484994875392
116256820099547141
173892091238154250
247031833030557706
178172315186495488
231562537433432065
225287292955262977
143723209357918209
317411645129490435
328243460861853696
167027257167052800
206414487295754241
136194237896065024
142978521378062336
338434617637863424
281570140888367114
330356631093379082
206896071710867458
224115799055400960
351584483159441418
378984183009116160
278230133176008704
231500104844967937
228965239972954112
122719217417060354
181482416748232705
230117963339005954
251612843248582656
154910407952302080
86405126884950016
221223546154778624
211954977407631360
181119429592088588