250689939774242826
287744813221150740
329267424379666448
209873672024883200
265566452063535115
106286546964996096
407247818776903682
177434126872346624
211762761850552320
147509908294598656
219209794320465920
236043034079395840
258334104112594944
93257836385017856
81979947735842816
71148252833001472
395021408326909964
211629398753804288
219498498574385152
222441850680770560
165372403386548225
158972712809791488
348582255427584002
285071656014184448
200132491967725570
114709238860742661
267347193525043211
97567654453211136
138341936783294465
284530900535083020
331345680889151510
237047643925118976
183988621718716417
102899251150876672
373919323300823050
110638841148243968
139081188777132032
198186694774751232
297603524701978625
169186134490873856
221006348404391936
291741064123908099
305808971346870282
216040506545799169
218401765630935042
235210891648434176
228885830230474754
183339739888353280
187234124958793728
68822395607056384
278666862085013506
106830936682790912
405847922257821696
180335273500999680
373501394264653835
407978216574156811
325804945704222720
144558713770999808
361277602821832719
98870780078600192
261259166990073857
198598148036231168
141365879257563136
388927234611740673
254960676722835456
410886058918543360
440269756667527168
211584889538084864
381316119174053889
155828694596714496
253336117926035456
426211787520737281
240322798340407297
206250204322594817
213267253561393162
65613571467255808
219988930592768000
244491084149817344
229753834438656011
326838567873806336
216041974489153536
124849706823057408
318348621948911626
343509849679593473
278805875978928128
252277739623677953
211472403329581058
365095977474064384
202264229208653826
222244152367120385
428425192490926080
279021966105772033
188493545101983748
234311475643023360
142102501972246528
185558668480217098
352566756646191118
103686725791936512
191580279905845248
295294150717472799
306094203388297216
342289267088949248
185995608950177792
262716922951368705
120364653795606529
137772114680741888
317522390470885376
152545557234057217
210059661557235713
133958892068667392
323345923964928001
204773788250931200
129582641237327872
213277173375696896
249171652015947776
113497137685204992
215987164113141760
276481054930501632